0 0 0 0 0 0 0 0 0 0 0 0 0 0 0 0 0 0 0 0 0 0 0 0 0 0 0 0 
0 0 0 0 0 0 0 0 0 0 0 0 0 0 0 0 0 0 0 0 0 0 0 0 0 0 0 0 
0 0 0 0 0 0 0 0 0 0 0 0 0 0 0 0 0 0 0 0 7 20 37 32 5 0 0 0 
0 0 0 0 0 0 0 0 0 0 0 2 3 0 0 0 0 0 0 8 90 158 215 190 45 0 0 0 
0 0 0 0 0 0 0 0 0 0 10 77 111 33 8 0 0 0 3 79 218 245 254 245 114 4 0 0 
0 0 0 0 0 0 0 0 1 33 127 220 243 163 90 7 0 0 16 154 230 227 249 250 127 4 0 0 
0 0 0 0 0 0 0 1 35 163 244 254 254 243 202 32 0 0 6 73 89 96 227 250 127 4 0 0 
0 0 0 0 0 0 9 35 163 245 254 254 255 250 217 39 0 0 0 3 48 128 246 249 125 4 0 0 
0 0 0 0 0 20 95 164 245 254 247 227 249 252 233 82 2 0 0 8 127 208 253 232 82 2 0 0 
0 0 0 0 2 65 175 221 253 254 222 159 234 253 245 115 4 0 0 22 171 232 253 208 46 0 0 0 
0 0 0 0 9 138 248 254 254 232 123 32 159 247 251 177 34 0 7 95 232 251 246 127 8 0 0 0 
0 0 0 0 32 200 253 254 250 144 22 2 47 207 244 244 131 29 60 207 253 253 207 46 0 0 0 0 
0 0 0 0 18 126 234 252 238 95 3 0 7 95 175 251 234 186 211 249 251 232 95 7 0 0 0 0 
0 0 0 0 0 29 186 238 241 102 3 0 0 22 78 206 247 253 254 253 218 159 22 0 0 0 0 0 
0 0 0 0 0 33 205 245 222 50 0 0 0 1 7 47 159 231 233 202 90 35 1 0 0 0 0 0 
0 0 0 0 0 37 217 250 217 37 0 0 0 0 0 1 22 80 80 34 7 1 0 0 0 0 0 0 
0 0 0 0 0 37 217 250 217 37 0 0 0 0 0 0 0 2 2 0 0 0 0 0 0 0 0 0 
0 0 0 0 0 39 217 250 217 37 0 0 0 0 0 0 0 0 0 0 0 0 0 0 0 0 0 0 
0 0 0 0 2 82 233 251 204 32 0 0 0 0 0 0 0 0 0 0 0 0 0 0 0 0 0 0 
0 0 0 0 4 115 245 251 172 21 0 0 0 0 0 0 0 0 0 0 0 0 0 0 0 0 0 0 
0 0 0 0 34 177 252 249 127 5 0 0 0 0 0 0 0 0 0 0 0 0 0 0 0 0 0 0 
0 0 0 10 127 244 252 233 82 2 0 0 0 0 0 0 0 0 0 0 0 0 0 0 0 0 0 0 
0 0 2 77 220 254 243 202 34 0 0 0 0 0 0 0 0 0 0 0 0 0 0 0 0 0 0 0 
0 0 4 125 249 250 175 95 7 0 0 0 0 0 0 0 0 0 0 0 0 0 0 0 0 0 0 0 
0 0 3 108 211 170 67 20 0 0 0 0 0 0 0 0 0 0 0 0 0 0 0 0 0 0 0 0 
0 0 0 18 36 21 2 0 0 0 0 0 0 0 0 0 0 0 0 0 0 0 0 0 0 0 0 0 
0 0 0 0 0 0 0 0 0 0 0 0 0 0 0 0 0 0 0 0 0 0 0 0 0 0 0 0 
0 0 0 0 0 0 0 0 0 0 0 0 0 0 0 0 0 0 0 0 0 0 0 0 0 0 0 0 
