(array([[ 5,  0,  0, ...,  0,  0,  0],
       [27,  0,  0, ...,  0,  0,  0],
       [27,  0,  0, ...,  0,  0,  0],
       ...,
       [27,  0,  0, ...,  0,  0,  0],
       [27,  0,  0, ...,  0,  0,  0],
       [ 5,  0,  0, ...,  0,  0,  0]], shape=(4800, 785)), array([[27,  0,  0, ...,  0,  0,  0],
       [ 5,  0,  0, ...,  0,  0,  0],
       [ 5,  0,  0, ...,  0,  0,  0],
       ...,
       [ 5,  0,  0, ...,  0,  0,  0],
       [ 5,  0,  0, ...,  0,  0,  0],
       [27,  0,  0, ...,  0,  0,  0]], shape=(800, 785)))